63
3101
26
11325
7800
113704
11498
13864
251
76
8037
10792
12506
1907
115
19995
1577
15196
38
3722
11893
11137
8874
5035
20354
65
15200
47
11608
72
7937
62
7607
47728
291
28208
13410
4144
4352
2376
192
105924
12372
50315
2010
19024
37
3986
15628
53817
40806
35253
274
25982
14383
20057
367
99851
21996
7681
71
33345
17536
16623
24443
10529
13421
1117
7411
1829
4594
83148
7769
23336
7087
158711
16771
12515
22
105425
52075
10264
241222
15979
36990
13276
125807
100927
3752
27903
241159
18152
150979
18297
131414
15863
73419
123556
13560
37352
14968
49
5189
2769
178423
60087
153818
25049
15736
36430
70889
18996
4254
3648
7076
4092
10942
80497
7029
95072
11172
14030
18953
10911
72510
1736
104188
147
15367
45572
23632
18246
56945
181824
149
38518
1786
69
32785
24759
46995
3004
157599
120968
179607
12413
141939
191147
45028
8792
211483
182
16083
217041
199977
108808
217681
5923
10920
501
6680
75049
25317
2518
14953
1418
61815
162972
105526
2700
15840
147949
8953
138154
7917
146963
139104
387
105280
61540
121127
55
56201
7077
21967
12291
17576
19498
274
17867
9357
213022
5944
78412
15759
38955
22767
25847
60471
21702
86422
13118
6669
18053
61541
10857
2527
202519
91
205510
4698
205510
25519
189648
54216
30158
190072
28858
2570
32997
213054
150800
55
35468
3610
129721
9301
12901
2432
11237
47153
1840
50779
158683
241588
68006
15527
237360
183506
33503
19063
48934
37516
15442
48223
481
131044
113527
68298
18164
13348
36547
188536
179809
238091
242992
199154
207268
241397
242794
219860
19586
104742
261927
23114
242866
493
38790
45871
9064
33743
30
78000
4140
75048
134965
1570
559
24430
191129
24683
220293
79
43753
1657
13020
233691
6344
103853
223119
200012
8770
1746
7211
38336
115416
270932
241679
246643
248750
225938
161462
245065
16285
211482
243664
26980
